1 1.000000 0.000000
2 0.000000 1.000000
3 0.000000 1.000000
4 0.000000 1.000000
5 1.000000 1.000000
6 1.000000 0.000000
7 1.000000 0.000000
8 1.000000 0.000000
9 1.000000 0.000000
10 1.000000 1.000000
11 1.000000 1.000000
12 0.000000 0.000000
13 1.000000 0.000000
14 1.000000 1.000000
15 1.000000 0.000000
16 1.000000 1.000000
17 1.000000 0.000000
18 1.000000 0.000000
19 1.000000 0.000000
20 1.000000 0.000000
21 1.000000 0.000000
22 1.000000 0.000000
23 2.000000 0.000000
24 2.000000 1.000000
25 1.000000 0.000000
26 2.000000 1.000000
27 2.000000 1.000000
28 2.000000 1.000000
29 2.000000 1.000000
30 2.000000 0.000000
31 3.000000 0.000000
32 3.000000 1.000000
33 3.000000 1.000000
34 3.000000 1.000000
35 3.000000 1.000000
36 3.000000 0.000000
37 4.000000 1.000000
38 4.000000 0.000000
39 3.000000 0.000000
40 5.000000 0.000000
41 5.000000 1.000000
42 4.000000 0.000000
43 5.000000 1.000000
44 5.000000 1.000000
45 5.000000 1.000000
46 5.000000 1.000000
47 5.000000 0.000000
48 6.000000 1.000000
49 6.000000 1.000000
50 6.000000 1.000000
51 6.000000 0.000000
52 7.000000 1.000000
53 7.000000 1.000000
54 7.000000 1.000000
55 8.000000 0.000000
56 8.000000 0.000000
57 8.000000 1.000000
58 8.000000 1.000000
59 9.000000 0.000000
60 8.000000 0.000000
61 9.000000 0.000000
62 9.000000 1.000000
63 10.000000 0.000000
64 10.000000 1.000000
65 10.000000 0.000000
66 10.000000 0.000000
67 11.000000 0.000000
68 12.000000 0.000000
69 11.000000 0.000000
70 11.000000 0.000000
71 12.000000 0.000000
72 12.000000 0.000000
73 13.000000 1.000000
74 14.000000 1.000000
75 14.000000 0.000000
76 14.000000 1.000000
77 42.000000 0.000000
78 15.000000 0.000000
79 15.000000 0.000000
80 15.000000 0.000000
81 16.000000 1.000000
82 17.000000 1.000000
83 17.000000 1.000000
84 17.000000 1.000000
85 18.000000 1.000000
86 18.000000 0.000000
87 18.000000 0.000000
88 19.000000 1.000000
89 19.000000 1.000000
90 20.000000 1.000000
91 20.000000 1.000000
92 20.000000 1.000000
93 21.000000 1.000000
94 22.000000 1.000000
95 22.000000 1.000000
96 22.000000 1.000000
97 23.000000 0.000000
98 23.000000 1.000000
99 23.000000 0.000000
100 24.000000 1.000000
101 24.000000 0.000000
102 25.000000 1.000000
103 25.000000 0.000000
104 26.000000 1.000000
105 26.000000 1.000000
106 27.000000 1.000000
107 27.000000 1.000000
108 28.000000 1.000000
109 28.000000 1.000000
110 29.000000 1.000000
111 29.000000 1.000000
112 30.000000 1.000000
113 30.000000 0.000000
114 40.000000 1.000000
115 32.000000 0.000000
116 33.000000 1.000000
117 33.000000 0.000000
118 34.000000 1.000000
119 33.000000 0.000000
120 35.000000 1.000000
121 35.000000 0.000000
122 36.000000 1.000000
123 36.000000 1.000000
124 36.000000 0.000000
125 37.000000 0.000000
126 38.000000 1.000000
127 38.000000 1.000000
128 39.000000 1.000000
129 40.000000 1.000000
130 40.000000 0.000000
131 41.000000 1.000000
132 41.000000 1.000000
133 43.000000 1.000000
134 42.000000 1.000000
135 44.000000 1.000000
136 44.000000 1.000000
137 44.000000 0.000000
138 65.000000 1.000000
139 45.000000 1.000000
140 46.000000 1.000000
141 47.000000 0.000000
142 48.000000 1.000000
143 49.000000 1.000000
144 50.000000 1.000000
145 50.000000 1.000000
146 51.000000 1.000000
147 51.000000 0.000000
148 52.000000 0.000000
149 53.000000 1.000000
150 53.000000 1.000000
151 54.000000 1.000000
152 55.000000 1.000000
153 55.000000 1.000000
154 56.000000 1.000000
155 65.000000 1.000000
156 97.000000 1.000000
157 59.000000 1.000000
158 59.000000 1.000000
159 60.000000 1.000000
160 61.000000 1.000000
161 61.000000 1.000000
162 62.000000 1.000000
163 62.000000 1.000000
164 63.000000 1.000000
165 65.000000 1.000000
166 65.000000 1.000000
167 66.000000 1.000000
168 66.000000 1.000000
169 68.000000 1.000000
170 76.000000 1.000000
171 70.000000 1.000000
172 70.000000 1.000000
173 70.000000 1.000000
174 72.000000 1.000000
175 72.000000 1.000000
176 72.000000 1.000000
177 74.000000 1.000000
178 75.000000 1.000000
179 76.000000 1.000000
180 76.000000 1.000000
181 77.000000 1.000000
182 86.000000 1.000000
183 120.000000 1.000000
184 79.000000 1.000000
185 80.000000 1.000000
186 81.000000 1.000000
187 82.000000 1.000000
188 83.000000 1.000000
189 83.000000 1.000000
190 85.000000 1.000000
191 86.000000 1.000000
192 88.000000 1.000000
193 97.000000 1.000000
194 89.000000 1.000000
195 90.000000 1.000000
196 91.000000 1.000000
197 91.000000 1.000000
198 92.000000 1.000000
199 93.000000 1.000000
200 94.000000 1.000000
201 95.000000 1.000000
202 96.000000 1.000000
203 149.000000 1.000000
204 122.000000 1.000000
205 98.000000 2.000000
206 99.000000 1.000000
207 101.000000 1.000000
208 101.000000 2.000000
209 102.000000 1.000000
210 104.000000 1.000000
211 105.000000 1.000000
212 117.000000 1.000000
213 106.000000 1.000000
214 108.000000 1.000000
215 109.000000 1.000000
216 109.000000 1.000000
217 110.000000 2.000000
218 111.000000 1.000000
219 113.000000 1.000000
220 121.000000 1.000000
221 114.000000 1.000000
222 116.000000 1.000000
223 116.000000 1.000000
224 118.000000 1.000000
225 118.000000 1.000000
226 120.000000 1.000000
227 121.000000 1.000000
228 138.000000 2.000000
229 123.000000 1.000000
230 124.000000 1.000000
231 126.000000 1.000000
232 126.000000 1.000000
233 127.000000 1.000000
234 128.000000 2.000000
235 130.000000 1.000000
236 139.000000 1.000000
237 132.000000 1.000000
238 133.000000 1.000000
239 134.000000 1.000000
240 135.000000 1.000000
241 136.000000 1.000000
242 137.000000 1.000000
243 178.000000 1.000000
244 139.000000 1.000000
245 140.000000 1.000000
246 141.000000 2.000000
247 143.000000 1.000000
248 145.000000 2.000000
249 154.000000 1.000000
250 147.000000 1.000000
251 189.000000 1.000000
252 149.000000 1.000000
253 149.000000 1.000000
254 151.000000 1.000000
255 211.000000 1.000000
256 153.000000 1.000000
257 154.000000 1.000000
258 155.000000 1.000000
259 156.000000 1.000000
260 158.000000 1.000000
261 168.000000 2.000000
262 160.000000 1.000000
263 161.000000 2.000000
264 162.000000 1.000000
265 164.000000 1.000000
266 165.000000 1.000000
267 174.000000 1.000000
268 167.000000 1.000000
269 169.000000 1.000000
270 170.000000 1.000000
271 171.000000 2.000000
272 172.000000 1.000000
273 174.000000 1.000000
274 175.000000 2.000000
275 176.000000 2.000000
276 177.000000 1.000000
277 179.000000 1.000000
278 248.000000 2.000000
279 181.000000 1.000000
280 222.000000 1.000000
281 184.000000 1.000000
282 303.000000 1.000000
283 187.000000 1.000000
284 188.000000 1.000000
285 189.000000 1.000000
286 191.000000 1.000000
287 200.000000 1.000000
288 193.000000 2.000000
289 194.000000 1.000000
290 196.000000 2.000000
291 197.000000 2.000000
292 207.000000 2.000000
293 200.000000 1.000000
294 202.000000 1.000000
295 203.000000 2.000000
296 203.000000 1.000000
297 220.000000 1.000000
298 207.000000 1.000000
299 208.000000 2.000000
300 209.000000 1.000000
