1 1.000000 1.000000
2 0.000000 0.000000
3 1.000000 0.000000
4 0.000000 1.000000
5 0.000000 0.000000
6 1.000000 1.000000
7 1.000000 0.000000
8 1.000000 0.000000
9 1.000000 1.000000
10 0.000000 1.000000
11 1.000000 1.000000
12 0.000000 0.000000
13 0.000000 0.000000
14 1.000000 1.000000
15 1.000000 1.000000
16 1.000000 1.000000
17 1.000000 1.000000
18 1.000000 1.000000
19 1.000000 1.000000
20 1.000000 1.000000
21 0.000000 1.000000
22 1.000000 2.000000
23 0.000000 1.000000
24 1.000000 1.000000
25 3.000000 1.000000
26 2.000000 1.000000
27 3.000000 2.000000
28 1.000000 2.000000
29 0.000000 1.000000
30 0.000000 1.000000
31 3.000000 2.000000
32 2.000000 2.000000
33 2.000000 2.000000
34 3.000000 2.000000
35 3.000000 2.000000
36 7.000000 2.000000
37 1.000000 2.000000
38 0.000000 3.000000
39 1.000000 3.000000
40 8.000000 3.000000
41 3.000000 3.000000
42 1.000000 3.000000
43 1.000000 3.000000
44 36.000000 3.000000
45 6.000000 7.000000
46 1.000000 4.000000
47 12.000000 4.000000
48 11.000000 4.000000
49 6.000000 4.000000
50 7.000000 4.000000
51 7.000000 4.000000
52 7.000000 4.000000
53 0.000000 5.000000
54 5.000000 4.000000
55 14.000000 6.000000
56 1.000000 5.000000
57 12.000000 5.000000
58 0.000000 5.000000
59 3.000000 6.000000
60 3.000000 6.000000
61 5.000000 6.000000
62 10.000000 6.000000
63 13.000000 7.000000
64 25.000000 8.000000
65 2.000000 7.000000
66 2.000000 6.000000
67 26.000000 7.000000
68 8.000000 7.000000
69 3.000000 7.000000
70 10.000000 8.000000
71 3.000000 8.000000
72 12.000000 10.000000
73 15.000000 8.000000
74 4.000000 8.000000
75 8.000000 8.000000
76 7.000000 9.000000
77 4.000000 9.000000
78 18.000000 10.000000
79 19.000000 10.000000
80 22.000000 9.000000
81 7.000000 10.000000
82 10.000000 10.000000
83 6.000000 10.000000
84 1.000000 11.000000
85 8.000000 12.000000
86 4.000000 11.000000
87 0.000000 11.000000
88 13.000000 13.000000
89 9.000000 12.000000
90 5.000000 12.000000
91 22.000000 14.000000
92 78.000000 13.000000
93 4.000000 13.000000
94 10.000000 13.000000
95 7.000000 13.000000
96 13.000000 17.000000
97 9.000000 14.000000
98 22.000000 14.000000
99 7.000000 14.000000
100 51.000000 14.000000
101 15.000000 17.000000
102 24.000000 16.000000
103 35.000000 16.000000
104 45.000000 16.000000
105 10.000000 16.000000
106 53.000000 18.000000
107 6.000000 16.000000
108 23.000000 17.000000
109 5.000000 17.000000
110 17.000000 17.000000
111 2.000000 20.000000
112 47.000000 18.000000
113 18.000000 19.000000
114 39.000000 18.000000
115 9.000000 19.000000
116 31.000000 22.000000
117 30.000000 20.000000
118 3.000000 20.000000
119 4.000000 21.000000
120 71.000000 24.000000
121 0.000000 21.000000
122 8.000000 22.000000
123 60.000000 22.000000
124 49.000000 24.000000
125 3.000000 23.000000
126 65.000000 23.000000
127 58.000000 23.000000
128 18.000000 26.000000
129 16.000000 24.000000
130 58.000000 24.000000
131 83.000000 24.000000
132 13.000000 28.000000
133 67.000000 25.000000
134 17.000000 26.000000
135 5.000000 26.000000
136 60.000000 29.000000
137 6.000000 27.000000
138 17.000000 29.000000
139 27.000000 28.000000
140 40.000000 31.000000
141 95.000000 29.000000
142 3.000000 30.000000
143 8.000000 31.000000
144 123.000000 31.000000
145 79.000000 31.000000
146 21.000000 31.000000
147 48.000000 54.000000
148 30.000000 32.000000
149 2.000000 33.000000
150 9.000000 37.000000
151 5.000000 33.000000
152 6.000000 33.000000
153 137.000000 34.000000
154 6.000000 37.000000
155 55.000000 34.000000
156 57.000000 36.000000
157 110.000000 39.000000
158 185.000000 36.000000
159 65.000000 36.000000
160 70.000000 39.000000
161 54.000000 37.000000
162 63.000000 38.000000
163 4.000000 42.000000
164 64.000000 39.000000
165 27.000000 39.000000
166 24.000000 41.000000
167 34.000000 42.000000
168 62.000000 40.000000
169 45.000000 64.000000
170 8.000000 45.000000
171 114.000000 42.000000
172 113.000000 42.000000
173 93.000000 47.000000
174 0.000000 43.000000
175 51.000000 44.000000
176 12.000000 48.000000
177 292.000000 58.000000
178 9.000000 49.000000
179 15.000000 46.000000
180 15.000000 65.000000
181 21.000000 51.000000
182 126.000000 47.000000
183 116.000000 48.000000
184 130.000000 56.000000
185 66.000000 53.000000
186 15.000000 50.000000
187 73.000000 66.000000
188 29.000000 52.000000
189 13.000000 51.000000
190 90.000000 55.000000
191 54.000000 52.000000
192 91.000000 56.000000
193 39.000000 54.000000
194 135.000000 66.000000
195 35.000000 61.000000
196 104.000000 76.000000
197 154.000000 63.000000
198 10.000000 102.000000
199 66.000000 56.000000
200 51.000000 59.000000
201 18.000000 58.000000
202 21.000000 60.000000
203 113.000000 62.000000
204 126.000000 60.000000
205 31.000000 64.000000
206 36.000000 62.000000
207 16.000000 63.000000
208 182.000000 64.000000
209 32.000000 64.000000
210 10.000000 65.000000
211 412.000000 63.000000
212 72.000000 64.000000
213 120.000000 69.000000
214 58.000000 65.000000
215 5.000000 70.000000
216 131.000000 67.000000
217 204.000000 71.000000
218 176.000000 68.000000
219 139.000000 68.000000
220 17.000000 71.000000
221 12.000000 70.000000
222 177.000000 73.000000
223 82.000000 72.000000
224 278.000000 75.000000
225 81.000000 93.000000
226 275.000000 73.000000
227 66.000000 77.000000
228 130.000000 74.000000
229 75.000000 77.000000
230 9.000000 76.000000
231 21.000000 78.000000
232 170.000000 77.000000
233 34.000000 82.000000
234 30.000000 78.000000
235 63.000000 82.000000
236 110.000000 91.000000
237 113.000000 80.000000
238 314.000000 85.000000
239 225.000000 81.000000
240 361.000000 87.000000
241 249.000000 83.000000
242 189.000000 97.000000
243 134.000000 84.000000
244 74.000000 88.000000
245 318.000000 85.000000
246 237.000000 90.000000
247 31.000000 87.000000
248 148.000000 90.000000
249 178.000000 88.000000
250 17.000000 94.000000
251 25.000000 90.000000
252 167.000000 95.000000
253 239.000000 92.000000
254 110.000000 96.000000
255 8.000000 104.000000
256 19.000000 97.000000
257 6.000000 94.000000
258 140.000000 99.000000
259 11.000000 96.000000
260 167.000000 99.000000
261 137.000000 97.000000
262 46.000000 101.000000
263 39.000000 100.000000
264 12.000000 103.000000
265 163.000000 102.000000
266 319.000000 105.000000
267 136.000000 103.000000
268 38.000000 106.000000
269 2.000000 103.000000
270 5.000000 119.000000
271 81.000000 105.000000
272 141.000000 110.000000
273 348.000000 108.000000
274 70.000000 112.000000
275 142.000000 108.000000
276 134.000000 114.000000
277 222.000000 113.000000
278 58.000000 110.000000
279 107.000000 115.000000
280 294.000000 112.000000
281 48.000000 117.000000
282 325.000000 114.000000
283 157.000000 117.000000
284 3.000000 114.000000
285 95.000000 119.000000
286 520.000000 116.000000
287 57.000000 123.000000
288 96.000000 121.000000
289 24.000000 120.000000
290 170.000000 123.000000
291 155.000000 121.000000
292 125.000000 124.000000
293 382.000000 143.000000
294 188.000000 136.000000
295 94.000000 138.000000
296 53.000000 125.000000
297 7.000000 126.000000
298 113.000000 128.000000
299 322.000000 132.000000
300 118.000000 128.000000
