1000 0.000039 0.005412
1001 0.000034 0.008342
1002 0.000037 0.010682
1003 0.000035 0.011940
1004 0.000035 0.012636
1005 0.000034 0.012995
1006 0.000037 0.012985
1007 0.000052 0.013109
1008 0.000039 0.013570
1009 0.000053 0.013380
1010 0.000039 0.013414
1011 0.000036 0.012964
1012 0.000034 0.012846
1013 0.000037 0.013410
1014 0.000037 0.013868
1015 0.000035 0.014108
1016 0.000037 0.013474
1017 0.000037 0.013656
1018 0.000034 0.013424
1019 0.000037 0.013573
1020 0.000049 0.013816
1021 0.000034 0.014314
1022 0.000038 0.014254
1023 0.000036 0.013561
1024 0.000035 0.014110
1025 0.000037 0.013407
1026 0.000037 0.013895
1027 0.000036 0.014026
1028 0.000048 0.013533
1029 0.000036 0.014411
1030 0.000071 0.014444
1031 0.000038 0.014125
1032 0.000043 0.014551
1033 0.000038 0.013855
1034 0.000037 0.013895
1035 0.000037 0.014402
1036 0.000042 0.014499
1037 0.000052 0.014187
1038 0.000040 0.014340
1039 0.000037 0.013682
1040 0.000048 0.014056
1041 0.000038 0.013721
1042 0.000035 0.013928
1043 0.000038 0.014511
1044 0.000072 0.014787
1045 0.000042 0.013863
1046 0.000035 0.015238
1047 0.000037 0.014242
1048 0.000037 0.014651
1049 0.000040 0.014184
1050 0.000037 0.014704
1051 0.000049 0.014609
1052 0.000051 0.014766
1053 0.000038 0.015017
1054 0.000040 0.015135
1055 0.000037 0.014742
1056 0.000037 0.014932
1057 0.000039 0.015211
1058 0.000038 0.015215
1059 0.000038 0.014249
1060 0.000037 0.014635
1061 0.000048 0.014956
1062 0.000038 0.014492
1063 0.000039 0.014887
1064 0.000038 0.015705
1065 0.000041 0.015639
1066 0.000042 0.014622
1067 0.000038 0.015516
1068 0.000056 0.015131
1069 0.000039 0.015010
1070 0.000038 0.014697
1071 0.000037 0.015619
1072 0.000039 0.014941
1073 0.000038 0.015318
1074 0.000039 0.015582
1075 0.000041 0.014823
1076 0.000038 0.015750
1077 0.000040 0.015497
1078 0.000039 0.016134
1079 0.000050 0.016486
1080 0.000038 0.015945
1081 0.000039 0.015533
1082 0.000040 0.015481
1083 0.000039 0.015846
1084 0.000090 0.015768
1085 0.000038 0.016055
1086 0.000037 0.016424
1087 0.000051 0.015691
1088 0.000050 0.016176
1089 0.000039 0.015745
1090 0.000040 0.015884
1091 0.000040 0.016340
1092 0.000040 0.016134
1093 0.000070 0.015959
1094 0.000038 0.016316
1095 0.000039 0.016292
1096 0.000039 0.015915
1097 0.000036 0.016476
1098 0.000041 0.016304
1099 0.000040 0.016592
