1 0.000000 0.000000
2 0.000000 0.000000
3 0.000000 0.000000
4 1.000000 1.000000
5 1.000000 1.000000
6 1.000000 1.000000
7 2.000000 1.000000
8 3.000000 1.000000
9 3.000000 2.000000
10 4.000000 3.000000
11 5.000000 3.000000
12 6.000000 3.000000
13 8.000000 4.000000
14 10.000000 4.000000
15 12.000000 6.000000
16 14.000000 6.000000
17 17.000000 7.000000
18 20.000000 9.000000
19 26.000000 11.000000
20 29.000000 11.000000
21 32.000000 13.000000
22 57.000000 15.000000
23 42.000000 17.000000
24 48.000000 19.000000
25 54.000000 21.000000
26 61.000000 24.000000
27 68.000000 27.000000
28 75.000000 29.000000
29 84.000000 33.000000
30 92.000000 36.000000
31 112.000000 40.000000
32 113.000000 43.000000
33 132.000000 47.000000
34 134.000000 51.000000
35 146.000000 56.000000
36 168.000000 61.000000
37 173.000000 66.000000
38 198.000000 72.000000
39 203.000000 86.000000
40 229.000000 82.000000
41 234.000000 89.000000
42 277.000000 95.000000
43 269.000000 101.000000
44 290.000000 109.000000
45 321.000000 117.000000
46 332.000000 125.000000
47 368.000000 132.000000
48 375.000000 151.000000
49 400.000000 148.000000
50 445.000000 158.000000
51 452.000000 167.000000
52 490.000000 179.000000
53 515.000000 187.000000
54 547.000000 199.000000
55 563.000000 208.000000
56 621.000000 277.000000
57 658.000000 234.000000
58 671.000000 245.000000
59 718.000000 260.000000
60 748.000000 272.000000
61 813.000000 286.000000
62 858.000000 302.000000
63 887.000000 333.000000
64 905.000000 325.000000
65 945.000000 340.000000
66 996.000000 368.000000
67 1030.000000 372.000000
68 1077.000000 472.000000
69 1188.000000 420.000000
70 1282.000000 424.000000
71 1282.000000 448.000000
72 1336.000000 461.000000
73 1369.000000 484.000000
74 1479.000000 507.000000
75 1552.000000 524.000000
76 1584.000000 540.000000
77 1620.000000 572.000000
78 1698.000000 584.000000
79 1760.000000 610.000000
80 1790.000000 638.000000
81 1877.000000 657.000000
82 1949.000000 669.000000
83 2018.000000 693.000000
84 2097.000000 718.000000
85 2180.000000 744.000000
86 2250.000000 770.000000
87 2327.000000 805.000000
88 2415.000000 855.000000
89 2521.000000 875.000000
90 2504.000000 895.000000
91 2644.000000 939.000000
92 2712.000000 955.000000
93 2786.000000 989.000000
94 2965.000000 1020.000000
95 3065.000000 1067.000000
96 3145.000000 1100.000000
97 3287.000000 1126.000000
98 3326.000000 1164.000000
99 3448.000000 1179.000000
100 3549.000000 1210.000000
